0000000000000000
0000000000000010
0000000000000011
0000000000000100
0000000000000101
0000000000000110
0000000000000111
0000000000001010
0000000000001100
0000000000001110
0000000000001111
0000000000010000
0000000000010001
0000000000010010
0000000000010011
0000000000010100
0000000000010101
0000000000010110
0000000000010111
0000000000011010
0000000000011011
0000000000011100
0000000000011101
0000000000011110
0000000000011111
0000000000100010
0000000000110000
0000000000110010
0000000000110011
0000000000110100
0000000000110101
0000000000110110
0000000000110111
0000000000111010
0000000000111011
0000000000111100
0000000000111110
0000000000111111
0000000001000100
0000000001010000
0000000001010010
0000000001010011
0000000001010100
0000000001010101
0000000001010110
0000000001010111
0000000001011010
0000000001011100
0000000001011101
0000000001011110
0000000001011111
0000000001100110
0000000001110010
0000000001110011
0000000001110100
0000000001110101
0000000001110110
0000000001110111
0000000010000000
0000000010000010
0000000010000011
0000000010000100
0000000010000101
0000000010000110
0000000010000111
0000000010001000
0000000010001010
0000000010001011
0000000010001100
0000000010001101
0000000010001110
0000000010001111
0000000010010000
0000000010010010
0000000010010011
0000000010010100
0000000010010101
0000000010010110
0000000010010111
0000000010011001
0000000010011010
0000000010011011
0000000010011100
0000000010011101
0000000010011110
0000000010011111
0000000010100000
0000000010100010
0000000010100011
0000000010100100
0000000010100101
0000000010100110
0000000010100111
0000000010101010
0000000010101011
0000000010101100
0000000010101110
0000000010101111
0000000010110000
0000000010110010
0000000010110011
0000000010110100
0000000010110101
0000000010110110
0000000010110111
0000000010111010
0000000010111011
0000000010111100
0000000010111110
0000000010111111
0000000011000000
0000000011000010
0000000011000011
0000000011000100
0000000011000101
0000000011000110
0000000011000111
0000000011001010
0000000011001100
0000000011001101
0000000011001110
0000000011001111
0000000011010000
0000000011010010
0000000011010011
0000000011010100
0000000011010101
0000000011010110
0000000011010111
0000000011011010
0000000011011100
0000000011011101
0000000011011110
0000000011011111
0000000011100010
0000000011100100
0000000011100110
0000000011101010
0000000011101100
0000000011101110
0000000011110000
0000000011110010
0000000011110011
0000000011110100
0000000011110101
0000000011110110
0000000011110111
0000000011111010
0000000011111100
0000000011111110
0000000011111111
0000000100000000
0000000100000001
0000000100000010
0000000100000011
0000000100000100
0000000100000101
0000000100000110
0000000100000111
0000000100001010
0000000100001011
0000000100001100
0000000100001101
0000000100001110
0000000100001111
0000000100010000
0000000100010001
0000000100010010
0000000100010011
0000000100010100
0000000100010101
0000000100010110
0000000100010111
0000000100011010
0000000100011011
0000000100011100
0000000100011101
0000000100011110
0000000100011111
0000000100100010
0000000100100011
0000000100110010
0000000100110011
0000000101000100
0000000101000101
0000000101010100
0000000101010101
0000000101100110
0000000101100111
0000000101110110
0000000101110111
0000000110101010
0000000110101011
0000000110111010
0000000110111011
0000000111001100
0000000111001101
0000000111011100
0000000111011101
0000000111101110
0000000111101111
0000000111111110
0000000111111111
0000001000000010
0000001000010010
0000001000010011
0000001000110010
0000001000110011
0000001001010010
0000001001010111
0000001010000010
0000001010001010
0000001010010010
0000001010011011
0000001010100010
0000001010101010
0000001010110010
0000001010111011
0000001011000010
0000001011001110
0000001011010010
0000001011011111
0000001011110010
0000001100000000
0000001100000010
0000001100000011
0000001100000100
0000001100000101
0000001100000110
0000001100000111
0000001100001010
0000001100001100
0000001100001110
0000001100001111
0000001100010010
0000001100010011
0000001100100010
0000001100110000
0000001100110010
0000001100110011
0000001100110100
0000001100110101
0000001100110110
0000001100110111
0000001100111010
0000001100111011
0000001100111100
0000001100111110
0000001100111111
0000001101000100
0000001101010011
0000001101010101
0000001101010111
0000001101100110
0000001101110100
0000001101110101
0000001101110110
0000001101110111
0000001110000011
0000001110001011
0000001110010011
0000001110011011
0000001110100011
0000001110101010
0000001110101011
0000001110110011
0000001110111010
0000001110111011
0000001111000011
0000001111001100
0000001111001111
0000001111010011
0000001111011111
0000001111101110
0000001111110011
0000001111111100
0000001111111110
0000001111111111
0000010000000100
0000010000010100
0000010000010101
0000010000110100
0000010000110111
0000010001010100
0000010001010101
0000010010000100
0000010010001100
0000010010010100
0000010010011101
0000010010100100
0000010010101110
0000010010110100
0000010010111111
0000010011000100
0000010011001100
0000010011010100
0000010011011101
0000010011110100
0000010100000000
0000010100000010
0000010100000011
0000010100000100
0000010100000101
0000010100000110
0000010100000111
0000010100001010
0000010100001100
0000010100001101
0000010100001110
0000010100001111
0000010100010100
0000010100010101
0000010100100010
0000010100100111
0000010100110011
0000010100110101
0000010100110111
0000010101000100
0000010101000101
0000010101010000
0000010101010010
0000010101010011
0000010101010100
0000010101010101
0000010101010110
0000010101010111
0000010101011010
0000010101011100
0000010101011101
0000010101011110
0000010101011111
0000010101100110
0000010101100111
0000010101110010
0000010101110011
0000010101110110
0000010101110111
0000010110000101
0000010110001101
0000010110010101
0000010110011101
0000010110100101
0000010110101010
0000010110101111
0000010110110101
0000010110111111
0000010111000101
0000010111001100
0000010111001101
0000010111010101
0000010111011100
0000010111011101
0000010111101110
0000010111101111
0000010111110101
0000010111111010
0000010111111110
0000010111111111
0000011000000110
0000011000010110
0000011000010111
0000011000110110
0000011000110111
0000011001010110
0000011001010111
0000011010000110
0000011010001110
0000011010010110
0000011010011111
0000011010100110
0000011010101110
0000011010110110
0000011010111111
0000011011000110
0000011011001110
0000011011010110
0000011011011111
0000011011110110
0000011100000010
0000011100000011
0000011100000100
0000011100000101
0000011100000110
0000011100000111
0000011100010110
0000011100010111
0000011100110100
0000011100110101
0000011100110110
0000011100110111
0000011101010010
0000011101010011
0000011101010110
0000011101010111
0000011110000111
0000011110001111
0000011110010111
0000011110011111
0000011110100111
0000011110101111
0000011110110111
0000011110111111
0000011111000111
0000011111001111
0000011111010111
0000011111011111
0000011111110111
0000100000000000
0000100000000010
0000100000000011
0000100000000100
0000100000000101
0000100000000110
0000100000000111
0000100000001000
0000100000001010
0000100000001011
0000100000001100
0000100000001101
0000100000001110
0000100000001111
0000100000100010
0000100000101010
0000100000110011
0000100000111011
0000100001000100
0000100001001100
0000100001010101
0000100001011101
0000100001100110
0000100001101110
0000100001110111
0000100001111111
0000100010000000
0000100010000010
0000100010000011
0000100010000100
0000100010000101
0000100010000110
0000100010000111
0000100010001000
0000100010001010
0000100010001011
0000100010001100
0000100010001101
0000100010001110
0000100010001111
0000100010100010
0000100010101010
0000100010110011
0000100010111011
0000100011000100
0000100011001100
0000100011010101
0000100011011101
0000100011100110
0000100011101110
0000100011110111
0000100011111111
0000100100000000
0000100100000010
0000100100000011
0000100100000100
0000100100000101
0000100100000110
0000100100000111
0000100100001001
0000100100001010
0000100100001011
0000100100001100
0000100100001101
0000100100001110
0000100100001111
0000100100100010
0000100100101011
0000100100110011
0000100100111011
0000100101000100
0000100101001101
0000100101010101
0000100101011101
0000100101100110
0000100101101111
0000100101110111
0000100101111111
0000100110010000
0000100110010010
0000100110010011
0000100110010100
0000100110010101
0000100110010110
0000100110010111
0000100110011001
0000100110011010
0000100110011011
0000100110011100
0000100110011101
0000100110011110
0000100110011111
0000100110101010
0000100110101011
0000100110110010
0000100110110011
0000100110111010
0000100110111011
0000100111001100
0000100111001101
0000100111010100
0000100111010101
0000100111011100
0000100111011101
0000100111101110
0000100111101111
0000100111110110
0000100111110111
0000100111111110
0000100111111111
0000101000000000
0000101000000010
0000101000000011
0000101000000100
0000101000000101
0000101000000110
0000101000000111
0000101000001010
0000101000001011
0000101000001100
0000101000001110
0000101000001111
0000101000011010
0000101000011011
0000101000100010
0000101000101010
0000101000110011
0000101000111010
0000101000111011
0000101001000100
0000101001001110
0000101001010101
0000101001011010
0000101001011111
0000101001100110
0000101001101110
0000101001110111
0000101001111111
0000101010000010
0000101010001010
0000101010011010
0000101010011011
0000101010100000
0000101010100010
0000101010100011
0000101010100100
0000101010100101
0000101010100110
0000101010100111
0000101010101010
0000101010101011
0000101010101100
0000101010101110
0000101010101111
0000101010110011
0000101010111010
0000101010111011
0000101011001010
0000101011001100
0000101011001110
0000101011011010
0000101011011111
0000101011100100
0000101011100110
0000101011101100
0000101011101110
0000101011110101
0000101011110111
0000101011111010
0000101011111111
0000101100000000
0000101100000010
0000101100000011
0000101100000100
0000101100000101
0000101100000110
0000101100000111
0000101100001010
0000101100001011
0000101100001100
0000101100001110
0000101100001111
0000101100011010
0000101100011011
0000101100100010
0000101100101011
0000101100110011
0000101100111010
0000101100111011
0000101101000100
0000101101001111
0000101101010101
0000101101011111
0000101101100110
0000101101101111
0000101101110111
0000101101111111
0000101110000011
0000101110001011
0000101110010010
0000101110010011
0000101110011010
0000101110011011
0000101110100011
0000101110101010
0000101110101011
0000101110110000
0000101110110010
0000101110110011
0000101110110100
0000101110110101
0000101110110110
0000101110110111
0000101110111010
0000101110111011
0000101110111100
0000101110111110
0000101110111111
0000101111001100
0000101111001111
0000101111101110
0000101111101111
0000101111110100
0000101111110101
0000101111110110
0000101111110111
0000101111111100
0000101111111110
0000101111111111
0000110000000000
0000110000000010
0000110000000011
0000110000000100
0000110000000101
0000110000000110
0000110000000111
0000110000001010
0000110000001100
0000110000001101
0000110000001110
0000110000001111
0000110000011100
0000110000011101
0000110000100010
0000110000101110
0000110000110011
0000110000111100
0000110000111111
0000110001000100
0000110001001100
0000110001010101
0000110001011100
0000110001011101
0000110001100110
0000110001101110
0000110001110111
0000110001111111
0000110010000100
0000110010001100
0000110010011100
0000110010011101
0000110010101010
0000110010101100
0000110010101110
0000110010111100
0000110010111111
0000110011000000
0000110011000010
0000110011000011
0000110011000100
0000110011000101
0000110011000110
0000110011000111
0000110011001010
0000110011001100
0000110011001101
0000110011001110
0000110011001111
0000110011010101
0000110011011100
0000110011011101
0000110011100010
0000110011100110
0000110011101010
0000110011101110
0000110011110011
0000110011110111
0000110011111100
0000110011111111
0000110100000000
0000110100000010
0000110100000011
0000110100000100
0000110100000101
0000110100000110
0000110100000111
0000110100001010
0000110100001100
0000110100001101
0000110100001110
0000110100001111
0000110100011100
0000110100011101
0000110100100010
0000110100101111
0000110100110011
0000110100111111
0000110101000100
0000110101001101
0000110101010101
0000110101011100
0000110101011101
0000110101100110
0000110101101111
0000110101110111
0000110101111111
0000110110000101
0000110110001101
0000110110010100
0000110110010101
0000110110011100
0000110110011101
0000110110101010
0000110110101111
0000110111000101
0000110111001100
0000110111001101
0000110111010000
0000110111010010
0000110111010011
0000110111010100
0000110111010101
0000110111010110
0000110111010111
0000110111011010
0000110111011100
0000110111011101
0000110111011110
0000110111011111
0000110111101110
0000110111101111
0000110111110010
0000110111110011
0000110111110110
0000110111110111
0000110111111010
0000110111111110
0000110111111111
0000111000000010
0000111000000100
0000111000000110
0000111000001010
0000111000001100
0000111000001110
0000111000011110
0000111000011111
0000111000111110
0000111000111111
0000111001011110
0000111001011111
0000111010000110
0000111010001110
0000111010011110
0000111010011111
0000111010100100
0000111010100110
0000111010101100
0000111010101110
0000111010111110
0000111010111111
0000111011000010
0000111011000110
0000111011001010
0000111011001110
0000111011011110
0000111011011111
0000111011111110
0000111100000000
0000111100000010
0000111100000011
0000111100000100
0000111100000101
0000111100000110
0000111100000111
0000111100001010
0000111100001100
0000111100001110
0000111100001111
0000111100011110
0000111100011111
0000111100100010
0000111100110011
0000111100111100
0000111100111110
0000111100111111
0000111101000100
0000111101010101
0000111101011010
0000111101011110
0000111101011111
0000111101100110
0000111101110111
0000111110000111
0000111110001111
0000111110010110
0000111110010111
0000111110011110
0000111110011111
0000111110100101
0000111110100111
0000111110101010
0000111110101111
0000111110110100
0000111110110101
0000111110110110
0000111110110111
0000111110111100
0000111110111110
0000111110111111
0000111111000011
0000111111000111
0000111111001100
0000111111001111
0000111111010010
0000111111010011
0000111111010110
0000111111010111
0000111111011010
0000111111011110
0000111111011111
0000111111101110
0000111111110000
0000111111110010
0000111111110011
0000111111110100
0000111111110101
0000111111110110
0000111111110111
0000111111111010
0000111111111100
0000111111111110
0000111111111111
0001000000010000
0001000000010010
0001000000010011
0001000000010100
0001000000010101
0001000000010110
0001000000010111
0001000000011010
0001000000011100
0001000000011110
0001000000011111
0001000000110010
0001000000110011
0001000001010100
0001000001010101
0001000001110110
0001000001110111
0001000010111010
0001000011011100
0001000011111110
0001000011111111
0001000100000000
0001000100000010
0001000100000011
0001000100000100
0001000100000101
0001000100000110
0001000100000111
0001000100001010
0001000100001100
0001000100001110
0001000100001111
0001000100010000
0001000100010001
0001000100010010
0001000100010011
0001000100010100
0001000100010101
0001000100010110
0001000100010111
0001000100011010
0001000100011011
0001000100011100
0001000100011101
0001000100011110
0001000100011111
0001000100100010
0001000100110010
0001000100110011
0001000101000100
0001000101010100
0001000101010101
0001000101100110
0001000101110110
0001000101110111
0001000110101010
0001000110111010
0001000110111011
0001000111001100
0001000111011100
0001000111011101
0001000111101110
0001000111111110
0001000111111111
0001001000010010
0001001100000010
0001001100000011
0001001100010010
0001001100010011
0001010000010100
0001010100000100
0001010100000101
0001010100010100
0001010100010101
0001011000010110
0001011100000110
0001011100000111
0001011100010110
0001011100010111
0001101000011010
0001101100001010
0001101100011010
0001101100011011
0001110000011100
0001110100001100
0001110100011100
0001110100011101
0001111000011110
0001111100001110
0001111100001111
0001111100011110
0001111100011111
0010000000000000
0010000000000010
0010000000010000
0010000000010001
0010000000010010
0010000000010011
0010000000100000
0010000000100010
0010000000110000
0010000000110001
0010000000110010
0010000000110011
0010000001010000
0010000001010010
0010000001010101
0010000001010111
0010000001110000
0010000001110010
0010000001110101
0010000001110111
0010000010000000
0010000010000010
0010000010001000
0010000010001010
0010000010010000
0010000010010010
0010000010011001
0010000010011011
0010000010100000
0010000010100010
0010000010101000
0010000010101010
0010000010110000
0010000010110010
0010000010111001
0010000010111011
0010000011000000
0010000011000010
0010000011001100
0010000011001110
0010000011010000
0010000011010010
0010000011011101
0010000011011111
0010000011100000
0010000011100010
0010000011101100
0010000011101110
0010000011110000
0010000011110010
0010000011111101
0010000011111111
0010000100000000
0010000100000001
0010000100000010
0010000100000011
0010000100010000
0010000100010001
0010000100010010
0010000100010011
0010000100100000
0010000100100001
0010000100100010
0010000100100011
0010000100110000
0010000100110001
0010000100110010
0010000100110011
0010001000000000
0010001000000010
0010001000010000
0010001000010001
0010001000010010
0010001000010011
0010001000100010
0010001000110000
0010001000110010
0010001000110011
0010001001010000
0010001001010010
0010001001010101
0010001001010111
0010001001110010
0010001001110111
0010001010000000
0010001010000010
0010001010001000
0010001010001010
0010001010010000
0010001010010010
0010001010011001
0010001010011011
0010001010100000
0010001010100010
0010001010101010
0010001010110000
0010001010110010
0010001010111011
0010001011000000
0010001011000010
0010001011001100
0010001011001110
0010001011010000
0010001011010010
0010001011011101
0010001011011111
0010001011100010
0010001011101110
0010001011110000
0010001011110010
0010001011111111
0010001100000000
0010001100000001
0010001100000010
0010001100000011
0010001100010000
0010001100010001
0010001100010010
0010001100010011
0010001100100000
0010001100100010
0010001100100011
0010001100110000
0010001100110010
0010001100110011
0010010100000000
0010010100000010
0010010100000101
0010010100000111
0010010100100000
0010010100100010
0010010100100101
0010010100100111
0010010101010000
0010010101010010
0010010101010101
0010010101010111
0010010101110000
0010010101110010
0010010101110101
0010010101110111
0010011100000000
0010011100000010
0010011100000101
0010011100000111
0010011100100010
0010011100100111
0010011101010000
0010011101010010
0010011101010101
0010011101010111
0010011101110010
0010011101110111
0010100000000000
0010100000000010
0010100000001000
0010100000001010
0010100000100000
0010100000100010
0010100000101000
0010100000101010
0010100010000000
0010100010000010
0010100010001000
0010100010001010
0010100010100000
0010100010100010
0010100010101000
0010100010101010
0010100100000000
0010100100000010
0010100100001001
0010100100001011
0010100100100000
0010100100100010
0010100100101001
0010100100101011
0010100110010000
0010100110010010
0010100110011001
0010100110011011
0010100110110000
0010100110110010
0010100110111001
0010100110111011
0010101000000000
0010101000000010
0010101000001000
0010101000001010
0010101000100000
0010101000100010
0010101000101010
0010101010000000
0010101010000010
0010101010001000
0010101010001010
0010101010100000
0010101010100010
0010101010101010
0010101100000000
0010101100000010
0010101100001001
0010101100001011
0010101100100000
0010101100100010
0010101100101011
0010101110010000
0010101110010010
0010101110011001
0010101110011011
0010101110110000
0010101110110010
0010101110111011
0010110000000000
0010110000000010
0010110000001100
0010110000001110
0010110000100000
0010110000100010
0010110000101100
0010110000101110
0010110011000000
0010110011000010
0010110011001100
0010110011001110
0010110011100000
0010110011100010
0010110011101100
0010110011101110
0010110100000000
0010110100000010
0010110100001101
0010110100001111
0010110100100000
0010110100100010
0010110100101101
0010110100101111
0010110111010000
0010110111010010
0010110111011101
0010110111011111
0010110111110000
0010110111110010
0010110111111101
0010110111111111
0010111000000000
0010111000000010
0010111000001100
0010111000001110
0010111000100010
0010111000101110
0010111011000000
0010111011000010
0010111011001100
0010111011001110
0010111011100010
0010111011101110
0010111100000000
0010111100000010
0010111100001101
0010111100001111
0010111100100000
0010111100100010
0010111100101111
0010111111010000
0010111111010010
0010111111011101
0010111111011111
0010111111110000
0010111111110010
0010111111111111
0011000000000000
0011000000000011
0011000000010000
0011000000010001
0011000000010010
0011000000010011
0011000000110000
0011000000110001
0011000000110010
0011000000110011
0011000000110100
0011000000110101
0011000000110110
0011000000110111
0011000000111010
0011000000111100
0011000000111110
0011000000111111
0011000001010000
0011000001010011
0011000001010101
0011000001010111
0011000001110000
0011000001110011
0011000001110100
0011000001110101
0011000001110110
0011000001110111
0011000010000000
0011000010000011
0011000010001000
0011000010001011
0011000010010000
0011000010010011
0011000010011001
0011000010011011
0011000010100000
0011000010100011
0011000010101010
0011000010101011
0011000010110000
0011000010110011
0011000010111000
0011000010111001
0011000010111010
0011000010111011
0011000011000000
0011000011000011
0011000011001100
0011000011001111
0011000011010000
0011000011010011
0011000011011101
0011000011011111
0011000011110000
0011000011110011
0011000011111100
0011000011111101
0011000011111110
0011000011111111
0011000100000000
0011000100000001
0011000100000010
0011000100000011
0011000100010000
0011000100010001
0011000100010010
0011000100010011
0011000100100000
0011000100100010
0011000100110000
0011000100110001
0011000100110010
0011000100110011
0011001000010000
0011001000010010
0011001000110000
0011001000110010
0011001100000000
0011001100000001
0011001100000010
0011001100000011
0011001100010000
0011001100010001
0011001100010010
0011001100010011
0011001100100010
0011001100110000
0011001100110010
0011001100110011
0011001100110100
0011001100110101
0011001100110110
0011001100110111
0011001100111010
0011001100111011
0011001100111100
0011001100111110
0011001100111111
0011001101010000
0011001101010011
0011001101010101
0011001101010111
0011001101110011
0011001101110100
0011001101110101
0011001101110110
0011001101110111
0011001110000000
0011001110000011
0011001110001000
0011001110001011
0011001110010000
0011001110010011
0011001110011001
0011001110011011
0011001110100000
0011001110100011
0011001110101010
0011001110101011
0011001110110000
0011001110110011
0011001110111010
0011001110111011
0011001111000000
0011001111000011
0011001111001100
0011001111001111
0011001111010000
0011001111010011
0011001111011101
0011001111011111
0011001111110000
0011001111110011
0011001111111100
0011001111111110
0011001111111111
0011010000110100
0011010100000000
0011010100000011
0011010100000101
0011010100000111
0011010100110000
0011010100110011
0011010100110101
0011010100110111
0011010101010000
0011010101010011
0011010101010101
0011010101010111
0011010101110000
0011010101110011
0011010101110101
0011010101110111
0011011000110110
0011011100000000
0011011100000011
0011011100000101
0011011100000111
0011011100110011
0011011100110100
0011011100110101
0011011100110110
0011011100110111
0011011101010000
0011011101010011
0011011101010101
0011011101010111
0011011101110011
0011011101110111
0011100000000000
0011100000000011
0011100000001000
0011100000001011
0011100000110000
0011100000110011
0011100000111000
0011100000111011
0011100010000000
0011100010000011
0011100010001000
0011100010001011
0011100010110000
0011100010110011
0011100010111000
0011100010111011
0011100100000000
0011100100000011
0011100100001001
0011100100001011
0011100100110000
0011100100110011
0011100100111001
0011100100111011
0011100110010000
0011100110010011
0011100110011001
0011100110011011
0011100110110000
0011100110110011
0011100110111001
0011100110111011
0011101000000000
0011101000000011
0011101000001010
0011101000001011
0011101000110000
0011101000110011
0011101000111010
0011101000111011
0011101010100000
0011101010100011
0011101010101010
0011101010101011
0011101010110000
0011101010110011
0011101010111010
0011101010111011
0011101100000000
0011101100000011
0011101100001000
0011101100001001
0011101100001010
0011101100001011
0011101100110000
0011101100110011
0011101100111010
0011101100111011
0011101110000000
0011101110000011
0011101110001000
0011101110001011
0011101110010000
0011101110010011
0011101110011001
0011101110011011
0011101110100000
0011101110100011
0011101110101010
0011101110101011
0011101110110000
0011101110110011
0011101110111011
0011110000000000
0011110000000011
0011110000001100
0011110000001111
0011110000110000
0011110000110011
0011110000111100
0011110000111111
0011110011000000
0011110011000011
0011110011001100
0011110011001111
0011110011110000
0011110011110011
0011110011111100
0011110011111111
0011110100000000
0011110100000011
0011110100001101
0011110100001111
0011110100110000
0011110100110011
0011110100111101
0011110100111111
0011110111010000
0011110111010011
0011110111011101
0011110111011111
0011110111110000
0011110111110011
0011110111111101
0011110111111111
0011111000111110
0011111100000000
0011111100000011
0011111100001100
0011111100001101
0011111100001111
0011111100110000
0011111100110011
0011111100111100
0011111100111110
0011111100111111
0011111111000000
0011111111000011
0011111111001100
0011111111001111
0011111111010000
0011111111010011
0011111111011101
0011111111011111
0011111111110000
0011111111110011
0011111111111111
0100000000000000
0100000000000100
0100000000010000
0100000000010001
0100000000010100
0100000000010101
0100000000110000
0100000000110011
0100000000110100
0100000000110111
0100000001000000
0100000001000100
0100000001010000
0100000001010001
0100000001010100
0100000001010101
0100000001110000
0100000001110011
0100000001110100
0100000001110111
0100000010000000
0100000010000100
0100000010001000
0100000010001100
0100000010010000
0100000010010100
0100000010011001
0100000010011101
0100000010100000
0100000010100100
0100000010101010
0100000010101110
0100000010110000
0100000010110100
0100000010111011
0100000010111111
0100000011000000
0100000011000100
0100000011001000
0100000011001100
0100000011010000
0100000011010100
0100000011011001
0100000011011101
0100000011100000
0100000011100100
0100000011101010
0100000011101110
0100000011110000
0100000011110100
0100000011111011
0100000011111111
0100000100000000
0100000100000001
0100000100000100
0100000100000101
0100000100010000
0100000100010001
0100000100010100
0100000100010101
0100000101000000
0100000101000001
0100000101000100
0100000101000101
0100000101010000
0100000101010001
0100000101010100
0100000101010101
0100001100000000
0100001100000100
0100001100110000
0100001100110011
0100001100110100
0100001100110111
0100001101000000
0100001101000100
0100001101110000
0100001101110011
0100001101110100
0100001101110111
0100010000000000
0100010000000100
0100010000010000
0100010000010001
0100010000010100
0100010000010101
0100010000110000
0100010000110011
0100010000110100
0100010000110111
0100010001000100
0100010001010000
0100010001010100
0100010001010101
0100010001110100
0100010001110111
0100010010000000
0100010010000100
0100010010001000
0100010010001100
0100010010010000
0100010010010100
0100010010011001
0100010010011101
0100010010100000
0100010010100100
0100010010101010
0100010010101110
0100010010110000
0100010010110100
0100010010111011
0100010010111111
0100010011000000
0100010011000100
0100010011001100
0100010011010000
0100010011010100
0100010011011101
0100010011100100
0100010011101110
0100010011110000
0100010011110100
0100010011111111
0100010100000000
0100010100000001
0100010100000100
0100010100000101
0100010100010000
0100010100010001
0100010100010100
0100010100010101
0100010101000000
0100010101000100
0100010101000101
0100010101010000
0100010101010100
0100010101010101
0100011100000000
0100011100000100
0100011100110000
0100011100110011
0100011100110100
0100011100110111
0100011101000100
0100011101110100
0100011101110111
0100100000000000
0100100000000100
0100100000001000
0100100000001100
0100100001000000
0100100001000100
0100100001001000
0100100001001100
0100100010000000
0100100010000100
0100100010001000
0100100010001100
0100100011000000
0100100011000100
0100100011001000
0100100011001100
0100100100000000
0100100100000100
0100100100001001
0100100100001101
0100100101000000
0100100101000100
0100100101001001
0100100101001101
0100100110010000
0100100110010100
0100100110011001
0100100110011101
0100100111010000
0100100111010100
0100100111011001
0100100111011101
0100101000000000
0100101000000100
0100101000001010
0100101000001110
0100101001000000
0100101001000100
0100101001001010
0100101001001110
0100101010100000
0100101010100100
0100101010101010
0100101010101110
0100101011100000
0100101011100100
0100101011101010
0100101011101110
0100101100000000
0100101100000100
0100101100001011
0100101100001111
0100101101000000
0100101101000100
0100101101001011
0100101101001111
0100101110110000
0100101110110100
0100101110111011
0100101110111111
0100101111110000
0100101111110100
0100101111111011
0100101111111111
0100110000000000
0100110000000100
0100110000001000
0100110000001100
0100110001000000
0100110001000100
0100110001001100
0100110010000000
0100110010000100
0100110010001000
0100110010001100
0100110011000000
0100110011000100
0100110011001100
0100110100000000
0100110100000100
0100110100001001
0100110100001101
0100110101000000
0100110101000100
0100110101001101
0100110110010000
0100110110010100
0100110110011001
0100110110011101
0100110111010000
0100110111010100
0100110111011101
0100111000000000
0100111000000100
0100111000001010
0100111000001110
0100111001000100
0100111001001110
0100111010100000
0100111010100100
0100111010101010
0100111010101110
0100111011100100
0100111011101110
0100111100000000
0100111100000100
0100111100001011
0100111100001111
0100111101000000
0100111101000100
0100111101001111
0100111110110000
0100111110110100
0100111110111011
0100111110111111
0100111111110000
0100111111110100
0100111111111111
0101000000000000
0101000000000101
0101000000010000
0101000000010001
0101000000010100
0101000000010101
0101000000110000
0101000000110011
0101000000110101
0101000000110111
0101000001010000
0101000001010001
0101000001010010
0101000001010011
0101000001010100
0101000001010101
0101000001010110
0101000001010111
0101000001011010
0101000001011100
0101000001011110
0101000001011111
0101000001110000
0101000001110010
0101000001110011
0101000001110101
0101000001110110
0101000001110111
0101000010000000
0101000010000101
0101000010001000
0101000010001101
0101000010010000
0101000010010101
0101000010011001
0101000010011101
0101000010100000
0101000010100101
0101000010101010
0101000010101111
0101000010110000
0101000010110101
0101000010111011
0101000010111111
0101000011000000
0101000011000101
0101000011001100
0101000011001101
0101000011010000
0101000011010101
0101000011011000
0101000011011001
0101000011011100
0101000011011101
0101000011110000
0101000011110101
0101000011111010
0101000011111011
0101000011111110
0101000011111111
0101000100000000
0101000100000001
0101000100000100
0101000100000101
0101000100010000
0101000100010001
0101000100010100
0101000100010101
0101000101000000
0101000101000100
0101000101010000
0101000101010001
0101000101010100
0101000101010101
0101001001010010
0101001100000000
0101001100000101
0101001100110000
0101001100110011
0101001100110101
0101001100110111
0101001101010000
0101001101010011
0101001101010101
0101001101110000
0101001101110011
0101001101110101
0101001101110111
0101010000010000
0101010000010100
0101010001010000
0101010001010100
0101010100000000
0101010100000001
0101010100000100
0101010100000101
0101010100010000
0101010100010001
0101010100010100
0101010100010101
0101010100110000
0101010100110011
0101010100110101
0101010100110111
0101010101000100
0101010101010000
0101010101010010
0101010101010011
0101010101010100
0101010101010101
0101010101010110
0101010101010111
0101010101011010
0101010101011100
0101010101011101
0101010101011110
0101010101011111
0101010101110010
0101010101110011
0101010101110101
0101010101110110
0101010101110111
0101010110000000
0101010110000101
0101010110001000
0101010110001101
0101010110010000
0101010110010101
0101010110011001
0101010110011101
0101010110100000
0101010110100101
0101010110101010
0101010110101111
0101010110110000
0101010110110101
0101010110111011
0101010110111111
0101010111000000
0101010111000101
0101010111001100
0101010111001101
0101010111010000
0101010111010101
0101010111011100
0101010111011101
0101010111110000
0101010111110101
0101010111111010
0101010111111110
0101010111111111
0101011001010110
0101011100000000
0101011100000101
0101011100110000
0101011100110011
0101011100110101
0101011100110111
0101011101010010
0101011101010011
0101011101010101
0101011101010110
0101011101010111
0101011101110101
0101011101110111
0101100000000000
0101100000000101
0101100000001000
0101100000001101
0101100001010000
0101100001010101
0101100001011000
0101100001011101
0101100010000000
0101100010000101
0101100010001000
0101100010001101
0101100011010000
0101100011010101
0101100011011000
0101100011011101
0101100100000000
0101100100000101
0101100100001001
0101100100001101
0101100101010000
0101100101010101
0101100101011001
0101100101011101
0101100110010000
0101100110010101
0101100110011001
0101100110011101
0101100111010000
0101100111010101
0101100111011001
0101100111011101
0101101000000000
0101101000000101
0101101000001010
0101101000001111
0101101001010000
0101101001010101
0101101001011010
0101101001011111
0101101010100000
0101101010100101
0101101010101010
0101101010101111
0101101011110000
0101101011110101
0101101011111010
0101101011111111
0101101100000000
0101101100000101
0101101100001011
0101101100001111
0101101101010000
0101101101010101
0101101101011011
0101101101011111
0101101110110000
0101101110110101
0101101110111011
0101101110111111
0101101111110000
0101101111110101
0101101111111011
0101101111111111
0101110000000000
0101110000000101
0101110000001100
0101110000001101
0101110001010000
0101110001010101
0101110001011100
0101110001011101
0101110011000000
0101110011000101
0101110011001100
0101110011001101
0101110011010000
0101110011010101
0101110011011100
0101110011011101
0101110100000000
0101110100000101
0101110100001000
0101110100001001
0101110100001100
0101110100001101
0101110101010000
0101110101010101
0101110101011100
0101110101011101
0101110110000000
0101110110000101
0101110110001000
0101110110001101
0101110110010000
0101110110010101
0101110110011001
0101110110011101
0101110111000000
0101110111000101
0101110111001100
0101110111001101
0101110111010000
0101110111010101
0101110111011101
0101111001011110
0101111100000000
0101111100000101
0101111100001010
0101111100001011
0101111100001111
0101111101010000
0101111101010101
0101111101011010
0101111101011110
0101111101011111
0101111110100000
0101111110100101
0101111110101010
0101111110101111
0101111110110000
0101111110110101
0101111110111011
0101111110111111
0101111111110000
0101111111110101
0101111111111111
0110000000000000
0110000000000110
0110000000010000
0110000000010001
0110000000010110
0110000000010111
0110000000110000
0110000000110011
0110000000110110
0110000000110111
0110000001010000
0110000001010101
0110000001010110
0110000001010111
0110000001100000
0110000001100110
0110000001110000
0110000001110001
0110000001110011
0110000001110101
0110000001110110
0110000001110111
0110000010000000
0110000010000110
0110000010001000
0110000010001110
0110000010010000
0110000010010110
0110000010011001
0110000010011111
0110000010100000
0110000010100110
0110000010101010
0110000010101110
0110000010110000
0110000010110110
0110000010111011
0110000010111111
0110000011000000
0110000011000110
0110000011001100
0110000011001110
0110000011010000
0110000011010110
0110000011011101
0110000011011111
0110000011100000
0110000011100110
0110000011101000
0110000011101010
0110000011101100
0110000011101110
0110000011110000
0110000011110110
0110000011111001
0110000011111011
0110000011111101
0110000011111111
0110000100000000
0110000100000001
0110000100000110
0110000100000111
0110000100010000
0110000100010001
0110000100010110
0110000100010111
0110000101100000
0110000101100001
0110000101100110
0110000101100111
0110000101110000
0110000101110001
0110000101110110
0110000101110111
0110001100000000
0110001100000110
0110001100110000
0110001100110011
0110001100110110
0110001100110111
0110001101100000
0110001101100110
0110001101110000
0110001101110011
0110001101110110
0110001101110111
0110010100000000
0110010100000101
0110010100000110
0110010100000111
0110010101010000
0110010101010101
0110010101010110
0110010101010111
0110010101100000
0110010101100101
0110010101100110
0110010101100111
0110010101110000
0110010101110101
0110010101110110
0110010101110111
0110011000000000
0110011000000110
0110011000010000
0110011000010001
0110011000010110
0110011000010111
0110011000110000
0110011000110011
0110011000110110
0110011000110111
0110011001010000
0110011001010101
0110011001010110
0110011001010111
0110011001100110
0110011001110110
0110011001110111
0110011010000000
0110011010000110
0110011010001000
0110011010001110
0110011010010000
0110011010010110
0110011010011001
0110011010011111
0110011010100000
0110011010100110
0110011010101010
0110011010101110
0110011010110000
0110011010110110
0110011010111011
0110011010111111
0110011011000000
0110011011000110
0110011011001100
0110011011001110
0110011011010000
0110011011010110
0110011011011101
0110011011011111
0110011011100110
0110011011101110
0110011011110000
0110011011110110
0110011011111111
0110011100000000
0110011100000001
0110011100000101
0110011100000110
0110011100000111
0110011100010000
0110011100010001
0110011100010110
0110011100010111
0110011100110000
0110011100110011
0110011100110110
0110011100110111
0110011101010000
0110011101010101
0110011101010110
0110011101010111
0110011101100110
0110011101100111
0110011101110110
0110011101110111
0110100000000000
0110100000000110
0110100000001000
0110100000001110
0110100001100000
0110100001100110
0110100001101000
0110100001101110
0110100010000000
0110100010000110
0110100010001000
0110100010001110
0110100011100000
0110100011100110
0110100011101000
0110100011101110
0110100100000000
0110100100000110
0110100100001001
0110100100001111
0110100101100000
0110100101100110
0110100101101001
0110100101101111
0110100110010000
0110100110010110
0110100110011001
0110100110011111
0110100111110000
0110100111110110
0110100111111001
0110100111111111
0110101000000000
0110101000000110
0110101000001010
0110101000001110
0110101001100000
0110101001100110
0110101001101010
0110101001101110
0110101010100000
0110101010100110
0110101010101010
0110101010101110
0110101011100000
0110101011100110
0110101011101010
0110101011101110
0110101100000000
0110101100000110
0110101100001011
0110101100001111
0110101101100000
0110101101100110
0110101101101011
0110101101101111
0110101110110000
0110101110110110
0110101110111011
0110101110111111
0110101111110000
0110101111110110
0110101111111011
0110101111111111
0110110000000000
0110110000000110
0110110000001100
0110110000001110
0110110001100000
0110110001100110
0110110001101100
0110110001101110
0110110011000000
0110110011000110
0110110011001100
0110110011001110
0110110011100000
0110110011100110
0110110011101100
0110110011101110
0110110100000000
0110110100000110
0110110100001101
0110110100001111
0110110101100000
0110110101100110
0110110101101101
0110110101101111
0110110111010000
0110110111010110
0110110111011101
0110110111011111
0110110111110000
0110110111110110
0110110111111101
0110110111111111
0110111000000000
0110111000000110
0110111000001000
0110111000001010
0110111000001100
0110111000001110
0110111001100110
0110111001101110
0110111010000000
0110111010000110
0110111010001000
0110111010001110
0110111010100000
0110111010100110
0110111010101010
0110111010101110
0110111011000000
0110111011000110
0110111011001100
0110111011001110
0110111011100110
0110111011101110
0110111100000000
0110111100000110
0110111100001001
0110111100001011
0110111100001101
0110111100001111
0110111101100000
0110111101100110
0110111101101111
0110111110010000
0110111110010110
0110111110011001
0110111110011111
0110111110110000
0110111110110110
0110111110111011
0110111110111111
0110111111010000
0110111111010110
0110111111011101
0110111111011111
0110111111110000
0110111111110110
0110111111111111
0111000000000000
0111000000000111
0111000000010000
0111000000010001
0111000000010110
0111000000010111
0111000000110000
0111000000110011
0111000000110100
0111000000110101
0111000000110110
0111000000110111
0111000001010000
0111000001010010
0111000001010011
0111000001010101
0111000001010110
0111000001010111
0111000001110000
0111000001110001
0111000001110010
0111000001110011
0111000001110100
0111000001110101
0111000001110110
0111000001110111
0111000010000000
0111000010000111
0111000010001000
0111000010001111
0111000010010000
0111000010010111
0111000010011001
0111000010011111
0111000010100000
0111000010100111
0111000010101010
0111000010101111
0111000010110000
0111000010110111
0111000010111011
0111000010111111
0111000011000000
0111000011000111
0111000011001100
0111000011001111
0111000011010000
0111000011010111
0111000011011101
0111000011011111
0111000011110000
0111000011110111
0111000011111000
0111000011111001
0111000011111010
0111000011111011
0111000011111100
0111000011111101
0111000011111111
0111000100000000
0111000100000001
0111000100000110
0111000100000111
0111000100010000
0111000100010001
0111000100010110
0111000100010111
0111000101100000
0111000101100110
0111000101110000
0111000101110001
0111000101110110
0111000101110111
0111001001010000
0111001001010010
0111001001110010
0111001100000000
0111001100000111
0111001100110000
0111001100110011
0111001100110100
0111001100110101
0111001100110110
0111001100110111
0111001101010000
0111001101010011
0111001101110000
0111001101110011
0111001101110100
0111001101110101
0111001101110110
0111001101110111
0111010000110000
0111010000110100
0111010001110100
0111010100000000
0111010100000101
0111010100000111
0111010100110000
0111010100110101
0111010101010000
0111010101010010
0111010101010011
0111010101010101
0111010101010110
0111010101010111
0111010101110000
0111010101110010
0111010101110011
0111010101110101
0111010101110110
0111010101110111
0111011000010000
0111011000010110
0111011000110000
0111011000110110
0111011001010000
0111011001010110
0111011001110110
0111011100000000
0111011100000001
0111011100000101
0111011100000110
0111011100000111
0111011100010000
0111011100010001
0111011100010110
0111011100010111
0111011100110000
0111011100110011
0111011100110100
0111011100110101
0111011100110110
0111011100110111
0111011101010000
0111011101010010
0111011101010011
0111011101010101
0111011101010110
0111011101010111
0111011101100110
0111011101110010
0111011101110011
0111011101110100
0111011101110101
0111011101110110
0111011101110111
0111011110000000
0111011110000111
0111011110001000
0111011110001111
0111011110010000
0111011110010111
0111011110011001
0111011110011111
0111011110100000
0111011110100111
0111011110101010
0111011110101111
0111011110110000
0111011110110111
0111011110111011
0111011110111111
0111011111000000
0111011111000111
0111011111001100
0111011111001111
0111011111010000
0111011111010111
0111011111011101
0111011111011111
0111011111110000
0111011111110111
0111011111111111
0111100000000000
0111100000000111
0111100000001000
0111100000001111
0111100001110000
0111100001110111
0111100001111000
0111100001111111
0111100010000000
0111100010000111
0111100010001000
0111100010001111
0111100011110000
0111100011110111
0111100011111000
0111100011111111
0111100100000000
0111100100000111
0111100100001001
0111100100001111
0111100101110000
0111100101110111
0111100101111001
0111100101111111
0111100110010000
0111100110010111
0111100110011001
0111100110011111
0111100111110000
0111100111110111
0111100111111001
0111100111111111
0111101000000000
0111101000000111
0111101000001010
0111101000001111
0111101001110000
0111101001110111
0111101001111010
0111101001111111
0111101010100000
0111101010100111
0111101010101010
0111101010101111
0111101011110000
0111101011110111
0111101011111010
0111101011111111
0111101100000000
0111101100000111
0111101100001011
0111101100001111
0111101101110000
0111101101110111
0111101101111011
0111101101111111
0111101110110000
0111101110110111
0111101110111011
0111101110111111
0111101111110000
0111101111110111
0111101111111011
0111101111111111
0111110000000000
0111110000000111
0111110000001100
0111110000001111
0111110001110000
0111110001110111
0111110001111100
0111110001111111
0111110011000000
0111110011000111
0111110011001100
0111110011001111
0111110011110000
0111110011110111
0111110011111100
0111110011111111
0111110100000000
0111110100000111
0111110100001101
0111110100001111
0111110101110000
0111110101110111
0111110101111101
0111110101111111
0111110111010000
0111110111010111
0111110111011101
0111110111011111
0111110111110000
0111110111110111
0111110111111101
0111110111111111
0111111100000000
0111111100000111
0111111100001000
0111111100001001
0111111100001010
0111111100001011
0111111100001100
0111111100001101
0111111100001111
0111111101110000
0111111101110111
0111111101111111
0111111110000000
0111111110000111
0111111110001000
0111111110001111
0111111110010000
0111111110010111
0111111110011001
0111111110011111
0111111110100000
0111111110100111
0111111110101010
0111111110101111
0111111110110000
0111111110110111
0111111110111011
0111111110111111
0111111111000000
0111111111000111
0111111111001100
0111111111001111
0111111111010000
0111111111010111
0111111111011101
0111111111011111
0111111111110000
0111111111110111
0111111111111111
1000000010000000
1000000010000010
1000000010000011
1000000010000100
1000000010000101
1000000010000110
1000000010000111
1000000010001010
1000000010001100
1000000010001110
1000000010001111
1000000010100010
1000000010101010
1000000010110011
1000000011000100
1000000011001100
1000000011010101
1000000011100110
1000000011101110
1000000011110111
1000000011111111
1000001010000010
1000001110000011
1000010010000100
1000010110000101
1000011010000110
1000011110000111
1000100000000000
1000100000000010
1000100000000011
1000100000000100
1000100000000101
1000100000000110
1000100000000111
1000100000001010
1000100000001100
1000100000001110
1000100000001111
1000100000100010
1000100000110011
1000100001000100
1000100001010101
1000100001100110
1000100001110111
1000100010000000
1000100010000010
1000100010000011
1000100010000100
1000100010000101
1000100010000110
1000100010000111
1000100010001000
1000100010001010
1000100010001011
1000100010001100
1000100010001101
1000100010001110
1000100010001111
1000100010100010
1000100010101010
1000100010110011
1000100010111011
1000100011000100
1000100011001100
1000100011010101
1000100011011101
1000100011100110
1000100011101110
1000100011110111
1000100011111111
1000101000000010
1000101000001010
1000101010000010
1000101010001010
1000101100000011
1000101110000011
1000101110001011
1000110000000100
1000110000001100
1000110010000100
1000110010001100
1000110100000101
1000110110000101
1000110110001101
1000111000000110
1000111000001110
1000111010000110
1000111010001110
1000111100000111
1000111100001111
1000111110000111
1000111110001111
1001000010010000
1001000010010010
1001000010010011
1001000010010100
1001000010010101
1001000010010110
1001000010010111
1001000010011010
1001000010011100
1001000010011110
1001000010011111
1001000010110010
1001000010110011
1001000010111010
1001000011010100
1001000011010101
1001000011011100
1001000011110110
1001000011110111
1001000011111110
1001000011111111
1001001010010010
1001001110010011
1001010010010100
1001010110010101
1001011010010110
1001011110010111
1001100100000000
1001100100000010
1001100100000011
1001100100000100
1001100100000101
1001100100000110
1001100100000111
1001100100001010
1001100100001100
1001100100001110
1001100100001111
1001100100100010
1001100100110011
1001100101000100
1001100101010101
1001100101100110
1001100101110111
1001100110010000
1001100110010010
1001100110010011
1001100110010100
1001100110010101
1001100110010110
1001100110010111
1001100110011001
1001100110011010
1001100110011011
1001100110011100
1001100110011101
1001100110011110
1001100110011111
1001100110101010
1001100110110010
1001100110110011
1001100110111010
1001100110111011
1001100111001100
1001100111010100
1001100111010101
1001100111011100
1001100111011101
1001100111101110
1001100111110110
1001100111110111
1001100111111110
1001100111111111
1001101010011010
1001101100000010
1001101100000011
1001101100001010
1001101110010010
1001101110010011
1001101110011010
1001101110011011
1001110010011100
1001110100000100
1001110100000101
1001110100001100
1001110110010100
1001110110010101
1001110110011100
1001110110011101
1001111010011110
1001111100000110
1001111100000111
1001111100001110
1001111100001111
1001111110010110
1001111110010111
1001111110011110
1001111110011111
1010000000000000
1010000000001010
1010000000010000
1010000000010001
1010000000011010
1010000000011011
1010000000110000
1010000000110011
1010000000111010
1010000000111011
1010000001010000
1010000001010101
1010000001011010
1010000001011111
1010000010000000
1010000010000010
1010000010001000
1010000010001010
1010000010010000
1010000010011001
1010000010011010
1010000010011011
1010000010100000
1010000010100010
1010000010100011
1010000010100100
1010000010100101
1010000010100110
1010000010100111
1010000010101000
1010000010101010
1010000010101100
1010000010101110
1010000010101111
1010000010110000
1010000010110001
1010000010110011
1010000010111001
1010000010111010
1010000010111011
1010000011000000
1010000011001010
1010000011001100
1010000011001110
1010000011010000
1010000011011010
1010000011011101
1010000011011111
1010000011100000
1010000011100100
1010000011100110
1010000011101010
1010000011101100
1010000011101110
1010000011110000
1010000011110101
1010000011110111
1010000011111010
1010000011111101
1010000011111111
1010000100000000
1010000100000001
1010000100001010
1010000100001011
1010000100010000
1010000100010001
1010000100011010
1010000100011011
1010000110100000
1010000110100001
1010000110101010
1010000110101011
1010000110110000
1010000110110001
1010000110111010
1010000110111011
1010001010000000
1010001010000010
1010001010100000
1010001010100010
1010001100000000
1010001100001010
1010001100110000
1010001100110011
1010001100111010
1010001100111011
1010001110100000
1010001110100011
1010001110101010
1010001110110000
1010001110110011
1010001110111010
1010001110111011
1010010010100100
1010010100000000
1010010100000101
1010010100001010
1010010100001111
1010010101010000
1010010101010101
1010010101011010
1010010101011111
1010010110100000
1010010110100101
1010010110101010
1010010110101111
1010010111110000
1010010111110101
1010010111111010
1010010111111111
1010011010100110
1010011110100111
1010100000000000
1010100000000010
1010100000001000
1010100000001010
1010100000100000
1010100000100010
1010100010000000
1010100010000010
1010100010001000
1010100010001010
1010100010100000
1010100010100010
1010100010101000
1010100010101010
1010100100000000
1010100100001001
1010100100001010
1010100100001011
1010100110010000
1010100110011001
1010100110011010
1010100110011011
1010100110100000
1010100110101001
1010100110101010
1010100110101011
1010100110110000
1010100110111001
1010100110111010
1010100110111011
1010101000000000
1010101000000010
1010101000000011
1010101000000100
1010101000000101
1010101000000110
1010101000000111
1010101000001000
1010101000001010
1010101000001100
1010101000001110
1010101000001111
1010101000010000
1010101000010001
1010101000011010
1010101000011011
1010101000100000
1010101000100010
1010101000110000
1010101000110011
1010101000111010
1010101000111011
1010101001000100
1010101001010000
1010101001010101
1010101001011010
1010101001011111
1010101001100110
1010101001110111
1010101010000000
1010101010000010
1010101010001000
1010101010001010
1010101010010000
1010101010011001
1010101010011010
1010101010011011
1010101010100000
1010101010100010
1010101010100011
1010101010100100
1010101010100101
1010101010100110
1010101010100111
1010101010101010
1010101010101011
1010101010101100
1010101010101110
1010101010101111
1010101010110000
1010101010110011
1010101010111010
1010101010111011
1010101011000000
1010101011001010
1010101011001100
1010101011001110
1010101011010000
1010101011011010
1010101011011101
1010101011011111
1010101011100100
1010101011100110
1010101011101010
1010101011101100
1010101011101110
1010101011110000
1010101011110101
1010101011110111
1010101011111010
1010101011111111
1010101100000000
1010101100000001
1010101100000011
1010101100001001
1010101100001010
1010101100001011
1010101100010000
1010101100010001
1010101100011010
1010101100011011
1010101100110000
1010101100110011
1010101100111010
1010101100111011
1010101110010000
1010101110011001
1010101110011010
1010101110011011
1010101110100000
1010101110100011
1010101110101010
1010101110101011
1010101110110000
1010101110111010
1010101110111011
1010110000000000
1010110000001010
1010110000001100
1010110000001110
1010110010100000
1010110010101010
1010110010101100
1010110010101110
1010110011000000
1010110011001010
1010110011001100
1010110011001110
1010110011100000
1010110011101010
1010110011101100
1010110011101110
1010110100000000
1010110100001010
1010110100001101
1010110100001111
1010110110100000
1010110110101010
1010110110101101
1010110110101111
1010110111010000
1010110111011010
1010110111011101
1010110111011111
1010110111110000
1010110111111010
1010110111111101
1010110111111111
1010111000000000
1010111000000100
1010111000000110
1010111000001010
1010111000001100
1010111000001110
1010111010100100
1010111010100110
1010111010101010
1010111010101100
1010111010101110
1010111011000000
1010111011001010
1010111011001100
1010111011001110
1010111011101010
1010111011101110
1010111100000000
1010111100000101
1010111100000111
1010111100001010
1010111100001101
1010111100001111
1010111101010000
1010111101010101
1010111101011010
1010111101011111
1010111110100000
1010111110100101
1010111110100111
1010111110101010
1010111110101111
1010111111010000
1010111111011010
1010111111011101
1010111111011111
1010111111110000
1010111111111010
1010111111111111
1011000000010000
1011000000011010
1011000000110000
1011000000111010
1011000010000000
1011000010000011
1011000010010000
1011000010010010
1011000010010011
1011000010011010
1011000010100000
1011000010100011
1011000010110000
1011000010110010
1011000010110011
1011000010110100
1011000010110101
1011000010110110
1011000010110111
1011000010111010
1011000010111100
1011000010111110
1011000010111111
1011000011110100
1011000011110101
1011000011110110
1011000011110111
1011000011111100
1011000011111110
1011000011111111
1011000100000000
1011000100001010
1011000100010000
1011000100010001
1011000100011010
1011000100011011
1011000110100000
1011000110101010
1011000110110000
1011000110110001
1011000110111010
1011000110111011
1011001010010000
1011001010010010
1011001010110000
1011001010110010
1011001100110000
1011001100110011
1011001100111010
1011001100111011
1011001110000000
1011001110000011
1011001110010000
1011001110010011
1011001110100000
1011001110100011
1011001110110000
1011001110110011
1011001110111010
1011001110111011
1011010010110100
1011010110110101
1011011010110110
1011011110110111
1011100000000000
1011100000000011
1011100000110000
1011100000110011
1011100010000000
1011100010000011
1011100010001000
1011100010001011
1011100010110000
1011100010110011
1011100010111000
1011100010111011
1011100100000000
1011100100000010
1011100100000011
1011100100001010
1011100100100000
1011100100100010
1011100100110000
1011100100110011
1011100110010000
1011100110010010
1011100110010011
1011100110011001
1011100110011010
1011100110011011
1011100110100000
1011100110101010
1011100110110000
1011100110110010
1011100110110011
1011100110111001
1011100110111010
1011100110111011
1011101000000000
1011101000000011
1011101000010000
1011101000011010
1011101000110000
1011101000110011
1011101000111010
1011101010010000
1011101010011010
1011101010100000
1011101010100011
1011101010101010
1011101010101011
1011101010110000
1011101010110011
1011101010111010
1011101010111011
1011101100000000
1011101100000010
1011101100000011
1011101100000100
1011101100000101
1011101100000110
1011101100000111
1011101100001010
1011101100001100
1011101100001110
1011101100001111
1011101100010000
1011101100010001
1011101100011010
1011101100011011
1011101100100000
1011101100100010
1011101100110000
1011101100110011
1011101100111010
1011101100111011
1011101101000100
1011101101010101
1011101101100110
1011101101110111
1011101110000000
1011101110000011
1011101110001000
1011101110001011
1011101110010000
1011101110010010
1011101110010011
1011101110011001
1011101110011010
1011101110011011
1011101110100000
1011101110100011
1011101110101010
1011101110101011
1011101110110000
1011101110110010
1011101110110011
1011101110110100
1011101110110101
1011101110110110
1011101110110111
1011101110111010
1011101110111011
1011101110111100
1011101110111110
1011101110111111
1011101111001100
1011101111101110
1011101111110100
1011101111110101
1011101111110110
1011101111110111
1011101111111100
1011101111111110
1011101111111111
1011110010111100
1011111010111110
1011111100000100
1011111100000101
1011111100000110
1011111100000111
1011111100001100
1011111100001110
1011111100001111
1011111110110100
1011111110110101
1011111110110110
1011111110110111
1011111110111100
1011111110111110
1011111110111111
1100000000000000
1100000000001100
1100000000010000
1100000000010001
1100000000011100
1100000000011101
1100000000110000
1100000000110011
1100000000111100
1100000000111111
1100000001010000
1100000001010101
1100000001011100
1100000001011101
1100000010000000
1100000010000100
1100000010001000
1100000010001100
1100000010010000
1100000010011001
1100000010011100
1100000010011101
1100000010100000
1100000010101010
1100000010101100
1100000010101110
1100000010110000
1100000010111011
1100000010111100
1100000010111111
1100000011000000
1100000011000010
1100000011000011
1100000011000100
1100000011000101
1100000011000110
1100000011000111
1100000011001000
1100000011001010
1100000011001100
1100000011001110
1100000011001111
1100000011010000
1100000011010001
1100000011010101
1100000011011001
1100000011011100
1100000011011101
1100000011100000
1100000011100010
1100000011100110
1100000011101010
1100000011101100
1100000011101110
1100000011110000
1100000011110011
1100000011110111
1100000011111011
1100000011111100
1100000011111111
1100000100000000
1100000100000001
1100000100001100
1100000100001101
1100000100010000
1100000100010001
1100000100011100
1100000100011101
1100000111000000
1100000111000001
1100000111001100
1100000111001101
1100000111010000
1100000111010001
1100000111011100
1100000111011101
1100001011000010
1100001100000000
1100001100001100
1100001100110000
1100001100110011
1100001100111100
1100001100111111
1100001111000000
1100001111000011
1100001111001100
1100001111110000
1100001111110011
1100001111111100
1100001111111111
1100010010000000
1100010010000100
1100010011000000
1100010011000100
1100010100000000
1100010100000101
1100010100001100
1100010100001101
1100010101010000
1100010101010101
1100010101011100
1100010101011101
1100010111000000
1100010111000101
1100010111001100
1100010111001101
1100010111010000
1100010111010101
1100010111011100
1100010111011101
1100011011000110
1100011111000111
1100100000000000
1100100000000100
1100100000001000
1100100000001100
1100100001000000
1100100001000100
1100100010000000
1100100010000100
1100100010001000
1100100010001100
1100100011000000
1100100011000100
1100100011001000
1100100011001100
1100100100000000
1100100100001001
1100100100001100
1100100100001101
1100100110010000
1100100110011001
1100100110011100
1100100110011101
1100100111000000
1100100111001001
1100100111001100
1100100111001101
1100100111010000
1100100111011001
1100100111011100
1100100111011101
1100101000000000
1100101000001010
1100101000001100
1100101000001110
1100101010100000
1100101010101010
1100101010101100
1100101010101110
1100101011000000
1100101011001010
1100101011001100
1100101011001110
1100101011100000
1100101011101010
1100101011101100
1100101011101110
1100101100000000
1100101100001011
1100101100001100
1100101100001111
1100101110110000
1100101110111011
1100101110111100
1100101110111111
1100101111000000
1100101111001011
1100101111001100
1100101111001111
1100101111110000
1100101111111011
1100101111111100
1100101111111111
1100110000000000
1100110000000010
1100110000000011
1100110000000100
1100110000000101
1100110000000110
1100110000000111
1100110000001000
1100110000001010
1100110000001100
1100110000001110
1100110000001111
1100110000010000
1100110000010001
1100110000011100
1100110000011101
1100110000100010
1100110000110000
1100110000110011
1100110000111100
1100110000111111
1100110001000000
1100110001000100
1100110001010000
1100110001010101
1100110001011100
1100110001011101
1100110001100110
1100110001110111
1100110010000000
1100110010000100
1100110010001000
1100110010001100
1100110010010000
1100110010011001
1100110010011100
1100110010011101
1100110010100000
1100110010101010
1100110010101100
1100110010101110
1100110010110000
1100110010111011
1100110010111100
1100110010111111
1100110011000000
1100110011000010
1100110011000011
1100110011000100
1100110011000101
1100110011000110
1100110011000111
1100110011001010
1100110011001100
1100110011001101
1100110011001110
1100110011001111
1100110011010000
1100110011010101
1100110011011100
1100110011011101
1100110011100010
1100110011100110
1100110011101010
1100110011101100
1100110011101110
1100110011110000
1100110011110011
1100110011110111
1100110011111100
1100110011111111
1100110100000000
1100110100000001
1100110100000101
1100110100001001
1100110100001100
1100110100001101
1100110100010000
1100110100010001
1100110100011100
1100110100011101
1100110101010000
1100110101010101
1100110101011100
1100110101011101
1100110110010000
1100110110011001
1100110110011100
1100110110011101
1100110111000000
1100110111000101
1100110111001100
1100110111001101
1100110111010000
1100110111011100
1100110111011101
1100111000000000
1100111000000010
1100111000000110
1100111000001010
1100111000001100
1100111000001110
1100111010100000
1100111010101010
1100111010101100
1100111010101110
1100111011000010
1100111011000110
1100111011001010
1100111011001100
1100111011001110
1100111011101100
1100111011101110
1100111100000000
1100111100000011
1100111100000111
1100111100001011
1100111100001100
1100111100001111
1100111100110000
1100111100110011
1100111100111100
1100111100111111
1100111110110000
1100111110111011
1100111110111100
1100111110111111
1100111111000000
1100111111000011
1100111111000111
1100111111001100
1100111111001111
1100111111110000
1100111111111100
1100111111111111
1101000000010000
1101000000011100
1101000001010000
1101000001011100
1101000010000000
1101000010000101
1101000010010000
1101000010010100
1101000010010101
1101000010011100
1101000011000000
1101000011000101
1101000011010000
1101000011010010
1101000011010011
1101000011010100
1101000011010101
1101000011010110
1101000011010111
1101000011011010
1101000011011100
1101000011011110
1101000011011111
1101000011110010
1101000011110011
1101000011110110
1101000011110111
1101000011111010
1101000011111110
1101000011111111
1101000100000000
1101000100001100
1101000100010000
1101000100010001
1101000100011100
1101000100011101
1101000111000000
1101000111001100
1101000111010000
1101000111010001
1101000111011100
1101000111011101
1101001011010010
1101001111010011
1101010010010000
1101010010010100
1101010011010000
1101010011010100
1101010101010000
1101010101010101
1101010101011100
1101010101011101
1101010110000000
1101010110000101
1101010110010000
1101010110010101
1101010111000000
1101010111000101
1101010111010000
1101010111010101
1101010111011100
1101010111011101
1101011011010110
1101011111010111
1101100000000000
1101100000000101
1101100001010000
1101100001010101
1101100010000000
1101100010000101
1101100010001000
1101100010001101
1101100011010000
1101100011010101
1101100011011000
1101100011011101
1101100100000000
1101100100000100
1101100100000101
1101100100001100
1101100101000000
1101100101000100
1101100101010000
1101100101010101
1101100110010000
1101100110010100
1101100110010101
1101100110011001
1101100110011100
1101100110011101
1101100111000000
1101100111001100
1101100111010000
1101100111010100
1101100111010101
1101100111011001
1101100111011100
1101100111011101
1101101011011010
1101110000000000
1101110000000101
1101110000010000
1101110000011100
1101110001010000
1101110001010101
1101110001011100
1101110010010000
1101110010011100
1101110011000000
1101110011000101
1101110011001100
1101110011001101
1101110011010000
1101110011010101
1101110011011100
1101110011011101
1101110100000000
1101110100000010
1101110100000011
1101110100000100
1101110100000101
1101110100000110
1101110100000111
1101110100001010
1101110100001100
1101110100001110
1101110100001111
1101110100010000
1101110100010001
1101110100011100
1101110100011101
1101110100100010
1101110100110011
1101110101000000
1101110101000100
1101110101010000
1101110101010101
1101110101011100
1101110101011101
1101110101100110
1101110101110111
1101110110000000
1101110110000101
1101110110001000
1101110110001101
1101110110010000
1101110110010100
1101110110010101
1101110110011001
1101110110011100
1101110110011101
1101110110101010
1101110111000000
1101110111000101
1101110111001100
1101110111001101
1101110111010000
1101110111010010
1101110111010011
1101110111010100
1101110111010101
1101110111010110
1101110111010111
1101110111011010
1101110111011100
1101110111011101
1101110111011110
1101110111011111
1101110111101110
1101110111110010
1101110111110011
1101110111110110
1101110111110111
1101110111111010
1101110111111110
1101110111111111
1101111011011110
1101111100000010
1101111100000011
1101111100000110
1101111100000111
1101111100001010
1101111100001110
1101111100001111
1101111111010010
1101111111010011
1101111111010110
1101111111010111
1101111111011010
1101111111011110
1101111111011111
1110000000000000
1110000000001110
1110000000010000
1110000000010001
1110000000011110
1110000000011111
1110000000110000
1110000000110011
1110000000111110
1110000000111111
1110000001010000
1110000001010101
1110000001011110
1110000001011111
1110000010000000
1110000010000110
1110000010001000
1110000010001110
1110000010010000
1110000010011001
1110000010011110
1110000010011111
1110000010100000
1110000010100100
1110000010100110
1110000010101010
1110000010101100
1110000010101110
1110000010110000
1110000010111011
1110000010111110
1110000010111111
1110000011000000
1110000011000010
1110000011000110
1110000011001010
1110000011001100
1110000011001110
1110000011010000
1110000011011101
1110000011011110
1110000011011111
1110000011100000
1110000011100010
1110000011100100
1110000011100110
1110000011101000
1110000011101010
1110000011101100
1110000011101110
1110000011110000
1110000011110001
1110000011110011
1110000011110101
1110000011111001
1110000011111011
1110000011111101
1110000011111110
1110000011111111
1110000100000000
1110000100000001
1110000100001110
1110000100001111
1110000100010000
1110000100010001
1110000100011110
1110000100011111
1110000111100000
1110000111100001
1110000111101110
1110000111101111
1110000111110000
1110000111110001
1110000111111110
1110000111111111
1110001011000000
1110001011000010
1110001011100010
1110001100000000
1110001100001110
1110001100110000
1110001100110011
1110001100111110
1110001100111111
1110001111100000
1110001111101110
1110001111110000
1110001111110011
1110001111111110
1110001111111111
1110010010100000
1110010010100100
1110010011100100
1110010100000000
1110010100000101
1110010100001110
1110010100001111
1110010101010000
1110010101010101
1110010101011110
1110010101011111
1110010111100000
1110010111100101
1110010111101110
1110010111101111
1110010111110000
1110010111110101
1110010111111110
1110010111111111
1110011010000000
1110011010000110
1110011010100000
1110011010100110
1110011011000000
1110011011000110
1110011011100110
1110100000000000
1110100000000110
1110100000001000
1110100000001110
1110100001100000
1110100001100110
1110100010000000
1110100010000110
1110100010001000
1110100010001110
1110100011100000
1110100011100110
1110100011101000
1110100011101110
1110100100000000
1110100100001001
1110100100001110
1110100100001111
1110100110010000
1110100110011001
1110100110011110
1110100110011111
1110100111100000
1110100111101001
1110100111101110
1110100111101111
1110100111110000
1110100111111001
1110100111111110
1110100111111111
1110101000000000
1110101000000100
1110101000000110
1110101000001010
1110101000001100
1110101000001110
1110101001000000
1110101001000100
1110101001100000
1110101001100110
1110101010100000
1110101010100100
1110101010100110
1110101010101010
1110101010101100
1110101010101110
1110101011000000
1110101011001010
1110101011001100
1110101011100000
1110101011100100
1110101011100110
1110101011101010
1110101011101100
1110101011101110
1110101100000000
1110101100001011
1110101100001110
1110101100001111
1110101110110000
1110101110111011
1110101110111110
1110101110111111
1110101111100000
1110101111101011
1110101111101110
1110101111101111
1110101111110000
1110101111111011
1110101111111110
1110101111111111
1110110000000000
1110110000000010
1110110000000110
1110110000001010
1110110000001100
1110110000001110
1110110000100000
1110110000100010
1110110001100000
1110110001100110
1110110010100000
1110110010101010
1110110010101100
1110110011000000
1110110011000010
1110110011000110
1110110011001010
1110110011001100
1110110011001110
1110110011100000
1110110011100010
1110110011100110
1110110011101010
1110110011101100
1110110011101110
1110110100000000
1110110100001101
1110110100001110
1110110100001111
1110110111010000
1110110111011101
1110110111011110
1110110111011111
1110110111100000
1110110111101101
1110110111101110
1110110111101111
1110110111110000
1110110111111101
1110110111111110
1110110111111111
1110111000000000
1110111000000010
1110111000000100
1110111000000110
1110111000001000
1110111000001010
1110111000001100
1110111000001110
1110111000010000
1110111000010001
1110111000011110
1110111000011111
1110111000100010
1110111000110000
1110111000110011
1110111000111110
1110111000111111
1110111001000100
1110111001010000
1110111001010101
1110111001011110
1110111001011111
1110111001100110
1110111010000000
1110111010000110
1110111010001000
1110111010001110
1110111010010000
1110111010011001
1110111010011110
1110111010011111
1110111010100000
1110111010100100
1110111010100110
1110111010101010
1110111010101100
1110111010101110
1110111010110000
1110111010111011
1110111010111110
1110111010111111
1110111011000000
1110111011000010
1110111011000110
1110111011001010
1110111011001100
1110111011001110
1110111011010000
1110111011011101
1110111011011110
1110111011011111
1110111011100010
1110111011100100
1110111011100110
1110111011101010
1110111011101100
1110111011101110
1110111011110000
1110111011111110
1110111011111111
1110111100000000
1110111100000001
1110111100000101
1110111100001001
1110111100001011
1110111100001101
1110111100001110
1110111100001111
1110111100010000
1110111100010001
1110111100011110
1110111100011111
1110111100110000
1110111100110011
1110111100111110
1110111100111111
1110111101010000
1110111101010101
1110111101011110
1110111101011111
1110111110010000
1110111110011001
1110111110011110
1110111110011111
1110111110110000
1110111110111011
1110111110111110
1110111110111111
1110111111010000
1110111111011101
1110111111011110
1110111111011111
1110111111100000
1110111111101110
1110111111101111
1110111111110000
1110111111111110
1110111111111111
1111000000000000
1111000000001111
1111000000010000
1111000000010001
1111000000011110
1111000000011111
1111000000110000
1111000000110011
1111000000111100
1111000000111110
1111000000111111
1111000001010000
1111000001010101
1111000001011010
1111000001011110
1111000001011111
1111000010000000
1111000010000111
1111000010001000
1111000010001111
1111000010010000
1111000010010110
1111000010010111
1111000010011001
1111000010011110
1111000010011111
1111000010100000
1111000010100101
1111000010100111
1111000010101010
1111000010101111
1111000010110000
1111000010110100
1111000010110101
1111000010110110
1111000010110111
1111000010111011
1111000010111100
1111000010111110
1111000010111111
1111000011000000
1111000011000011
1111000011000111
1111000011001100
1111000011001111
1111000011010000
1111000011010010
1111000011010011
1111000011010110
1111000011010111
1111000011011010
1111000011011101
1111000011011110
1111000011011111
1111000011110000
1111000011110001
1111000011110010
1111000011110011
1111000011110100
1111000011110101
1111000011110110
1111000011110111
1111000011111000
1111000011111001
1111000011111010
1111000011111011
1111000011111100
1111000011111101
1111000011111110
1111000011111111
1111000100000000
1111000100000001
1111000100001110
1111000100001111
1111000100010000
1111000100010001
1111000100011110
1111000100011111
1111000111100000
1111000111101110
1111000111110000
1111000111110001
1111000111111110
1111000111111111
1111001011010000
1111001011010010
1111001011110000
1111001011110010
1111001100000000
1111001100001111
1111001100110000
1111001100110011
1111001100111100
1111001100111110
1111001100111111
1111001111000000
1111001111000011
1111001111010000
1111001111010011
1111001111110000
1111001111110011
1111001111111100
1111001111111110
1111001111111111
1111010010110000
1111010010110100
1111010011110000
1111010011110100
1111010100000000
1111010100000101
1111010100001111
1111010101010000
1111010101010101
1111010101011010
1111010101011110
1111010101011111
1111010110100000
1111010110100101
1111010110110000
1111010110110101
1111010111110000
1111010111110101
1111010111111010
1111010111111110
1111010111111111
1111011010010000
1111011010010110
1111011010110000
1111011010110110
1111011011010000
1111011011010110
1111011011110000
1111011011110110
1111011110000000
1111011110000111
1111011110010000
1111011110010111
1111011110100000
1111011110100111
1111011110110000
1111011110110111
1111011111000000
1111011111000111
1111011111010000
1111011111010111
1111011111110000
1111011111110111
1111100000000000
1111100000000111
1111100000001000
1111100000001111
1111100001110000
1111100001110111
1111100010000000
1111100010000111
1111100010001000
1111100010001111
1111100011110000
1111100011110111
1111100011111000
1111100011111111
1111100100000000
1111100100000110
1111100100000111
1111100100001001
1111100100001110
1111100100001111
1111100101100000
1111100101100110
1111100101110000
1111100101110111
1111100110010000
1111100110010110
1111100110010111
1111100110011001
1111100110011110
1111100110011111
1111100111100000
1111100111101110
1111100111110000
1111100111110110
1111100111110111
1111100111111001
1111100111111110
1111100111111111
1111101000000000
1111101000000101
1111101000000111
1111101000001010
1111101000001111
1111101001010000
1111101001010101
1111101001011010
1111101001110000
1111101001110111
1111101010100000
1111101010100101
1111101010100111
1111101010101010
1111101010101111
1111101011010000
1111101011011010
1111101011110000
1111101011110101
1111101011110111
1111101011111010
1111101011111111
1111101100000000
1111101100000100
1111101100000101
1111101100000110
1111101100000111
1111101100001011
1111101100001100
1111101100001110
1111101100001111
1111101101000000
1111101101000100
1111101101010000
1111101101010101
1111101101100000
1111101101100110
1111101101110000
1111101101110111
1111101110110000
1111101110110100
1111101110110101
1111101110110110
1111101110110111
1111101110111011
1111101110111100
1111101110111110
1111101110111111
1111101111000000
1111101111001100
1111101111100000
1111101111101110
1111101111110000
1111101111110100
1111101111110101
1111101111110110
1111101111110111
1111101111111011
1111101111111100
1111101111111110
1111101111111111
1111110000000000
1111110000000011
1111110000000111
1111110000001100
1111110000001111
1111110000110000
1111110000110011
1111110000111100
1111110001110000
1111110001110111
1111110010110000
1111110010111100
1111110011000000
1111110011000011
1111110011000111
1111110011001100
1111110011001111
1111110011110000
1111110011110011
1111110011110111
1111110011111100
1111110011111111
1111110100000000
1111110100000010
1111110100000011
1111110100000110
1111110100000111
1111110100001010
1111110100001101
1111110100001110
1111110100001111
1111110100100000
1111110100100010
1111110100110000
1111110100110011
1111110101100000
1111110101100110
1111110101110000
1111110101110111
1111110110100000
1111110110101010
1111110111010000
1111110111010010
1111110111010011
1111110111010110
1111110111010111
1111110111011010
1111110111011101
1111110111011110
1111110111011111
1111110111100000
1111110111101110
1111110111110000
1111110111110010
1111110111110011
1111110111110110
1111110111110111
1111110111111010
1111110111111101
1111110111111110
1111110111111111
1111111000010000
1111111000011110
1111111000110000
1111111000111110
1111111001010000
1111111001011110
1111111010010000
1111111010011110
1111111010110000
1111111010111110
1111111011010000
1111111011011110
1111111011110000
1111111011111110
1111111100000000
1111111100000001
1111111100000010
1111111100000011
1111111100000100
1111111100000101
1111111100000110
1111111100000111
1111111100001000
1111111100001001
1111111100001010
1111111100001011
1111111100001100
1111111100001101
1111111100001110
1111111100001111
1111111100010000
1111111100010001
1111111100011110
1111111100011111
1111111100100010
1111111100110000
1111111100110011
1111111100111100
1111111100111110
1111111100111111
1111111101000100
1111111101010000
1111111101010101
1111111101011010
1111111101011110
1111111101011111
1111111101100110
1111111101110111
1111111110000000
1111111110000111
1111111110001000
1111111110001111
1111111110010000
1111111110010110
1111111110010111
1111111110011001
1111111110011110
1111111110011111
1111111110100000
1111111110100101
1111111110100111
1111111110101010
1111111110101111
1111111110110000
1111111110110100
1111111110110101
1111111110110110
1111111110110111
1111111110111011
1111111110111100
1111111110111110
1111111110111111
1111111111000000
1111111111000011
1111111111000111
1111111111001100
1111111111001111
1111111111010000
1111111111010010
1111111111010011
1111111111010110
1111111111010111
1111111111011010
1111111111011101
1111111111011110
1111111111011111
1111111111101110
1111111111110000
1111111111110010
1111111111110011
1111111111110100
1111111111110101
1111111111110110
1111111111110111
1111111111111010
1111111111111100
1111111111111110
11111111111111111